time,x,y,z,phi,theta,psi,x_velocity,y_velocity,z_velocity,phi_velocity,theta_velocity,psi_velocity,rotor_speed1,rotor_speed2,rotor_speed3,rotor_speed4
0.06,-9.813933897556637e-08,2.4796139580867664e-08,10.00360084876205,3.0028089086364673e-05,0.00010707685726174532,0.0,-9.1221556293351e-06,2.421890514858328e-06,0.12002246105233051,0.0014831595581550902,0.005134420580162547,0.0,443.7845115890675,444.2056430690687,442.3569842466163,442.47906739081543
0.12000000000000001,-4.57394998731581e-06,1.2941957612464193e-06,10.016508123357596,0.00015970803522691313,6.283165195205458,0.0,-0.0001583435688181218,5.254182987623164e-05,0.3101869553405625,0.0034844049289905867,-0.023427138016320175,0.0,465.5611027408438,463.3214131603451,464.7954362393936,464.95217790917707
0.18,-7.725714638503882e-06,1.0732473837202526e-05,10.039792345506672,0.0014773821116014219,6.28148088658358,0.0,0.0002212403511751552,0.0003618572354470331,0.4659024341399074,0.04473390307705613,-0.03951668679101988,0.0,454.9939183834799,453.7039375065273,452.71052648023095,456.0170432739401
0.23999999999999996,4.9649210483980626e-05,7.343711153156528e-05,10.07085743960627,0.003787432068275365,6.279477060578802,0.0,0.0019132378048249614,0.0019888608397478783,0.5695530464475926,0.021565101046654316,-0.023340734382203306,0.0,437.9538165670305,439.2964645602064,438.94186296272284,437.015912263477
0.3,0.0002441784266975468,0.0002746684701753773,10.10752103305431,0.005685258905914203,6.278288722902531,0.0,0.00469887105259775,0.004882612558817469,0.6525212878118462,0.04655434929229348,-0.013536945939966094,0.0,431.6835503209719,432.5099168670575,430.48303072736263,432.5924633049247
0.36000000000000004,0.000644119020735539,0.0007125160037805493,10.152376239624461,0.00810209578421528,6.277219274838828,0.0,0.008738313201181706,0.010017242960307435,0.8425286378770978,0.023186621879150722,-0.028186170594140084,0.0,465.6467202572593,464.49954472996296,465.94820301186445,464.11874747860384
0.4200000000000001,0.0013016065131029573,0.0014913020354542174,10.206543517960945,0.009245430481843897,6.275874406979689,0.0,0.013334718363350841,0.016076310196248295,0.9629509603366937,0.009152977703611006,-0.01283582375595458,0.0,442.8246530469273,444.08534899630473,445.28222945396004,444.13281796638853
0.48000000000000015,0.002258548109746101,0.002652465083661032,10.267700259836813,0.009702111755744092,6.275036036625199,0.0,0.018646008440289276,0.022680606262239725,1.0755063805147678,0.0043345514608187224,-0.016349686105209475,0.0,440.89657589468584,440.6063104636817,443.1055280448636,442.7091749240742
0.5400000000000001,0.003562257632997104,0.004230007367537143,10.336769250902732,0.010217240415034468,6.273689885904597,0.0,0.024932591966258525,0.02994632972652509,1.2266415303859435,0.015961031071450395,-0.038810426228276344,0.0,454.92512427457405,453.1231943553527,453.5469439978211,454.47955272362526
0.6000000000000002,0.005273925725217218,0.00625317146661098,10.414434901875257,0.011627494392151938,6.271020324264061,0.0,0.03238571742327703,0.03762117804035556,1.3620574004802546,0.035430434949763626,-0.05937819910423147,0.0,449.8119480865989,448.14217279074114,449.2742706861023,450.8499548779104
0.6600000000000003,0.007405529769633049,0.00868710608452359,10.493194480776179,0.013337868050181001,6.267068078411224,0.0,0.03893839312058142,0.043654835555477646,1.2633714868854105,0.00871130188905709,-0.08382971888094859,0.0,371.94103109948026,369.5342786298201,371.63327893238676,369.00562462130614
0.7200000000000003,0.010125867106143495,0.011608998486356437,10.573860550930481,0.01344833940497292,6.261669977636174,0.0,0.05231113936389826,0.05378048874107293,1.4252981779356826,-0.017723200139115255,-0.10652820405196563,0.0,458.08732777256375,456.27215876165934,459.39458698678993,457.29393315445213
0.7800000000000004,0.01377318162345981,0.01513302301898521,10.66415394738001,0.01232179907830755,6.255780606290987,0.0,0.06993699441545383,0.0635627576647052,1.5842597231480497,-0.020968208380584868,-0.08521047108044107,0.0,456.1364015875447,457.82726396705175,457.739823458625,457.4816002211556
0.8400000000000004,0.01865906260272989,0.01924266764373312,10.76596844108724,0.010495286957753258,6.252081301289071,0.0,0.09342212137323576,0.07325669503188381,1.8092145458886617,-0.0671725354838376,-0.03531103177142497,0.0,475.31129757995046,479.11651348390285,479.36126212444316,475.83687462624664
0.9000000000000005,0.02486381512106334,0.023823627184184255,10.875905579476216,0.006052668652499982,6.250414852147145,0.0,0.11357532575902565,0.07904804722117267,1.8552801243671315,-0.09359209455491704,-0.015856544865863863,0.0,421.6754086060067,423.35224440596073,424.2817057605634,422.00255255493886
0.9600000000000005,0.03236754291830962,0.028671334575420475,10.99048181339229,0.0006033099425248878,6.249553801646165,0.0,0.13663595678454404,0.08197022830997173,1.9637460874349189,-0.0857942110264813,-0.01149785788297006,0.0,443.31993238775544,443.6780173214363,442.3019413457506,442.9366612744181
1.0200000000000005,0.04133043556549099,0.033581270571418305,11.113303335997516,6.278359673682541,6.2490014721185325,0.0,0.16218561304769222,0.08110535803305015,2.130005973895228,-0.10205418828946254,-0.0049752462486409,0.0,460.51121953383546,461.02696568727316,462.3693668407007,461.0799806920445
1.0800000000000005,0.0516947797769774,0.038337403057046276,11.241949786528593,6.2726546431968995,6.24898213497614,0.0,0.18330325052510107,0.07689455264495074,2.158151729777987,-0.0838991475825026,0.007654883049308659,0.0,416.6123077920469,417.7151420879479,418.35478067192724,419.924050024949
1.1400000000000006,0.06340403286033269,0.04271161839123534,11.374630965331697,6.267551339889902,6.2495616075340585,0.0,0.20694346680329168,0.06839331028639081,2.2643446409525896,-0.08747163896695165,0.013389811423080943,0.0,443.7017112984964,444.17214364965804,443.24296181526256,442.9433066256639
1.2000000000000006,0.07648426300356706,0.046484812167695004,11.512704852371758,6.262349820127557,6.251214273540645,0.0,0.2289284867960567,0.056869664090966277,2.337965462570637,-0.08517760863647267,0.04663854318268248,0.0,432.5728187581935,435.363774100121,433.1831459670784,433.3695782765667
1.2600000000000007,0.09088832887600937,0.0494327503773795,11.656636787681975,6.257645568319322,6.254900717202521,0.0,0.25084583402034577,0.04088689612470797,2.4595115280606112,-0.06747587509694809,0.0811245918664106,0.0,447.13297090587037,449.93599653286117,448.91179481681974,450.3408827783418
1.3200000000000007,0.10650628755636572,0.05133991722070156,11.8073034584456,6.25314980833668,6.259356916102519,0.0,0.2692609281435704,0.022261058449130313,2.5624877592477815,-0.09717448921221586,0.05479214796893019,0.0,444.3647584957848,442.20506846992873,445.578905054831,443.13956468058564
1.3800000000000008,0.12330765511565696,0.05180603896210576,11.97133000595765,6.247539415763905,6.263461788917114,0.0,0.29024281140621494,-0.007485560697645693,2.904248044052742,-0.08703273318411803,0.08700290376401412,0.0,511.57996630771646,513.8709315178221,514.574337225727,515.2856136891965
1.4400000000000008,0.14110042352706428,0.050613678207862584,12.148209079499088,6.242377024530857,6.268926012313177,0.0,0.3023065742157683,-0.03277139797163429,2.9914887730700923,-0.08412582178174315,0.09816226912970569,0.0,441.11828770267925,442.045815511186,440.54753461789585,440.78165391483793
1.5000000000000009,0.1594943484803173,0.04782539453042198,12.329721503947995,6.237645972110453,6.275606346765342,0.0,0.3102000265432715,-0.060637369434060964,3.058737641206157,-0.06997541255780135,0.12949348589698917,0.0,434.4644597198361,437.0941998339331,434.14793779142013,435.32839355921044
1.560000000000001,0.1782279463458586,0.04324357604387496,12.515939675879018,6.233387542057887,0.0002619042762930235,0.0,0.31346362035674474,-0.09250319068003623,3.1482797770947313,-0.07304825722977899,0.13295399552891488,0.0,442.4692088361523,442.7697397935442,443.0198472759826,442.7632237409262
1.620000000000001,0.1969975872790334,0.03670457678226959,12.706695319032576,6.228740809869212,0.00833628185869717,0.0,0.31141392272511753,-0.12588752377438137,3.210049142606357,-0.0881293401817995,0.137625573137134,0.0,434.8490381143631,435.2573138570427,434.522596035639,433.25140183480323
1.680000000000001,0.2154941786096688,0.028121226369841303,12.900204605720216,6.2231385236644705,0.016685542155721045,0.0,0.30437470648602094,-0.16071524905549758,3.2401422407299507,-0.10672930742161796,0.1420456673871401,0.0,424.1760595582199,424.5744371532395,425.63028661392116,424.02735997382695
1.740000000000001,0.23326100760870952,0.016834930779682004,13.103760310937234,6.21634811508595,0.025029696840817017,0.0,0.28674933799201596,-0.21630362687603485,3.544084430557318,-0.13092592735942685,0.13233850804951963,0.0,507.01553363254163,506.3329325791096,508.32438092998274,506.5774384694943
1.8000000000000012,0.24988596851246456,0.002378088489626302,13.32036450343679,6.208186169942238,0.03270590221842884,0.0,0.2665885652141996,-0.26641209211533967,3.675559076308654,-0.14893443782157528,0.11724535594730383,0.0,460.28278482654156,459.10094637301955,459.1114086272459,457.6635138784622
1.8600000000000012,0.26516014502146334,-0.015216262542884528,13.544198502177348,6.199301206052883,0.03956045226634508,0.0,0.2418411267011927,-0.3209576064109432,3.7851155835110575,-0.14643348691571573,0.10744192285252173,0.0,453.0853066825708,452.3077431599517,453.93783243286265,454.11842254515517
1.9200000000000013,0.2786548855672552,-0.036587716458477325,13.778308670270357,6.190325083981154,0.04621347153119704,0.0,0.20721604002193753,-0.39243114827937375,4.017631758430556,-0.15683155486246167,0.11700014059425722,0.0,490.8230777506183,491.5415163916298,490.91446295132283,490.1234328055338
1.9800000000000013,0.29017676282419064,-0.061931234478823406,14.020653787600208,6.180894864806447,0.05310518225019756,0.0,0.17620075048367237,-0.4532148147540115,4.060256227025847,-0.15785569517659356,0.1102046513971933,0.0,435.39971125597515,434.8428291689516,435.2331071426116,435.1233949416704
2.0400000000000014,0.2995099244197565,-0.09147789008096432,14.269153248733927,6.171537123253676,0.059827697982078654,0.0,0.1341932873625168,-0.5326520672389345,4.222299181866674,-0.15242604880791477,0.11548129037057764,0.0,472.44279629494855,472.85979314830433,472.7155435138039,473.11235967283864
2.1000000000000014,0.30606370253759113,-0.12619474340673797,14.529058770663193,6.162311629943096,0.06664775664717748,0.0,0.08349323439390959,-0.6255701083498196,4.440186544588111,-0.1565615854192093,0.1097722138354277,0.0,490.1903761259774,489.77608916840285,491.49255079235354,491.16606443237043
2.1600000000000015,0.3097404515153636,-0.1661148682154283,14.79717577284633,6.1534438817532315,0.07389877046824012,0.0,0.038412317538476806,-0.7059322163262455,4.496631042327017,-0.13438198842329735,0.13686980815513755,0.0,442.58566249173214,444.8233086251026,443.37223805897884,445.1700372163744
2.2200000000000015,0.3100301316259221,-0.21195159179058856,15.075681831427033,6.145091331710908,0.08181150365209966,0.0,-0.029721503215722395,-0.8228509050749462,4.785460072784198,-0.15121074804990794,0.11935227908514656,0.0,513.1381377544418,511.9062861685645,515.1519672708333,513.9452076344156
2.2800000000000016,0.30660264702405426,-0.2640636695222278,15.364625973394306,6.135905203222249,0.0889810052356621,0.0,-0.08519437653517342,-0.9150443499201033,4.845509674158061,-0.15717644785255486,0.11976880577493944,0.0,450.22791105722325,450.27426694396735,448.05648020389356,447.5491814684246
2.3400000000000016,0.2997923859686446,-0.3217444872241494,15.656191366447791,6.126459037603363,0.09569429588811573,0.0,-0.14244345955717805,-1.008475954228962,4.872952555717909,-0.1579598144126765,0.087431909814866,0.0,440.42045932380563,437.74810560931763,440.35559491254224,440.26703653413625
2.4000000000000017,0.28947561882414785,-0.3851294092398245,15.948892210096451,6.116825375056219,0.10089900051987577,0.0,-0.20190111861633706,-1.1051774011944495,4.883422309076154,-0.1663414319063272,0.08533574809165308,0.0,434.7145283493945,434.54522382402376,435.76526669163036,435.0387782818226
2.4600000000000017,0.27545005301138137,-0.4545686115263829,16.242643033911452,6.106879842639193,0.10612254980153057,0.0,-0.2660683766117279,-1.2103283555422841,4.907854001147124,-0.16462004064607308,0.0902984711399643,0.0,440.18607580022024,440.6029585217915,440.14843515643804,440.26436642821795
2.520000000000002,0.25721088021884403,-0.5309363719011801,16.54024998901182,6.096469071668954,0.11108768860642027,0.0,-0.34238524764363015,-1.336180919366177,5.011546757149666,-0.20453656223854205,0.06004539406285653,0.0,467.38341067543297,465.02419953754514,467.8490965624147,464.7012533683983
2.580000000000002,0.23465061971865558,-0.6144860378851282,16.840916836661982,6.083818485381258,0.1150554477575465,0.0,-0.40994076108452815,-1.449861050869197,5.010292697593261,-0.22802586334286867,0.07613469164295936,0.0,434.12774383442184,435.47916555789936,435.47192614018695,433.4565429076138
2.640000000000002,0.20786597619202762,-0.7052507487249426,17.14227267875399,6.070475789003041,0.12008639637089047,0.0,-0.4832923887482439,-1.5767940441380004,5.034316721458639,-0.21298687008281636,0.09598567311205525,0.0,442.62604312958376,444.2625767887739,443.6539960580058,444.83799650231356
2.700000000000002,0.1764474774701772,-0.8041096386560244,17.446088689032095,6.057516363362218,0.12531657061445323,0.0,-0.5644825939387548,-1.719629239636554,5.092083531440267,-0.22278570414238985,0.05667931302540754,0.0,457.4377341022236,454.30196432020665,456.4924254263626,455.6647730515795
2.760000000000002,0.14009030884790913,-0.9117428499917722,17.753092459635486,6.044418331244138,0.1283508982744923,0.0,-0.6476785021479707,-1.8692913627839403,5.1405907823555115,-0.21058564442056094,0.034123035991810095,0.0,455.27651679563303,453.46938821606494,454.6692943748614,455.5997827452256
2.820000000000002,0.09849310613608632,-1.0289625936797184,18.06439390421551,6.031794808852222,0.13045507593940986,0.0,-0.7390165795270393,-2.0391476486900273,5.235071159654852,-0.2100082937432509,0.03689823319640404,0.0,470.87511788783536,471.0902409916458,470.7658866799015,470.7696802513563
2.880000000000002,0.05138542138194876,-1.1566060750756109,18.38118197247844,6.0188889723588,0.13281355588821775,0.0,-0.8313798846823909,-2.216736765562537,5.323443558558471,-0.22792992235825893,0.04373668218233145,0.0,471.5758669509602,472.1045623954543,471.2983744970379,469.86760496110213
2.940000000000002,-0.0009019041878751379,-1.2943596547950884,18.70021571603418,6.005007302226648,0.13592937936167182,0.0,-0.9117555060017011,-2.3761686510085047,5.310401704145265,-0.2392827830789623,0.06466340417075561,0.0,439.65686574538233,441.3893232262294,441.9824567708068,440.9917156477465
3.000000000000002,-0.05836273975300154,-1.4425096779554005,19.020423613955174,5.9909809804283025,0.1397342951312872,0.0,-1.003899748306013,-2.5633425905002065,5.362126186757802,-0.2245731921899843,0.060795517187734065,0.0,463.53148534846775,463.2301119096517,463.13415956600414,464.23769232887963
3.0600000000000023,-0.12138001832755331,-1.6020602881060142,19.343317327473326,5.977631739599676,0.1431048802556072,0.0,-1.0969363372929084,-2.756095187478284,5.399970994503548,-0.2186186329285211,0.044814080077035474,0.0,461.3498090407665,460.0879680402919,461.8575702504187,462.2800481542049
3.1200000000000023,-0.18971622078759282,-1.7727437320946793,19.666235303079247,5.96472204123204,0.14597851713656684,0.0,-1.1811479687078659,-2.934372676280762,5.36334263881524,-0.20902614857307725,0.05343276064461193,0.0,437.693153698437,438.41142452485997,439.6868899671668,440.4347524849466
3.1800000000000024,-0.2634805955997379,-1.9550313279218523,19.98895023743512,5.9520561403512495,0.14898081246321748,0.0,-1.2778761481971468,-3.1428604311721133,5.39275303312369,-0.21559443722347682,0.04220047045943674,0.0,462.93517405672014,462.05176921037764,462.5544100680641,461.99465226582345
3.2400000000000024,-0.34309702266033737,-2.150046378175327,20.313264693253203,5.939106449228422,0.1527140348053564,0.0,-1.3762278991295702,-3.3586305296357195,5.416608923051497,-0.2162989588403701,0.08615104386821745,0.0,461.3737895720575,464.83378697198305,462.86561106018115,462.76616259621403
3.3000000000000025,-0.42853280311446995,-2.3578917747172246,20.6379104540471,5.926544946847828,0.15838860797975762,0.0,-1.4720545795537223,-3.5704949647948463,5.4039292386374616,-0.19822185077248075,0.10758690154532126,0.0,451.33522835347645,453.06959331169946,454.0261839337206,455.43212582013746
3.3600000000000025,-0.5193686461537148,-2.5776672379159975,20.959019715789506,5.9141912365638944,0.16432743035986963,0.0,-1.5562978645573027,-3.756259566558905,5.299265551360258,-0.22920478310577105,0.07003514008947395,0.0,425.4041302664242,422.1838613609072,425.3747451501831,422.66720121644056
3.4200000000000026,-0.6164928237564105,-2.811280501993353,21.280168357894976,5.900306331069082,0.1684255864002857,0.0,-1.6814183434736207,-4.031820710757564,5.403754346595666,-0.236238806048118,0.06459250979585303,0.0,495.6303172980083,495.2330482350832,494.15460466556283,493.58821130651967
3.4800000000000026,-0.7202422639609078,-3.0595796953862613,21.60215402697622,5.886403166689579,0.17280121932636394,0.0,-1.777199362514241,-4.2458311924687875,5.32827406690308,-0.22395437357717402,0.08583022219065962,0.0,438.1616611944655,439.92823045289896,439.8518125547128,440.81410486393474
3.5400000000000027,-0.8301042794568555,-3.3215790336936535,21.921004060960538,5.8727463180048805,0.17809824721127843,0.0,-1.8852353061525373,-4.488407004198069,5.298834724742674,-0.2361592323416577,0.09278470828583217,0.0,457.4954709818984,458.0552079392193,457.8690511609134,456.84667713390627
3.6000000000000028,-0.9461329091939361,-3.5974498981997467,22.23584616327634,5.859693748574518,0.18485472880091347,0.0,-1.982850852860001,-4.708229577050403,5.195094098189923,-0.19469186224846308,0.1363867175969336,0.0,432.8381191582536,436.5036609441973,432.6690871378705,436.09706239886947
3.660000000000003,-1.068820353189511,-3.8882070281328365,22.54765002947271,5.847963229393306,0.1942185716182694,0.0,-2.1074087540607818,-4.984345136569156,5.196749199635166,-0.19719156159290563,0.17972843281446088,0.0,471.13277167988156,474.49280222493877,473.18759182529476,472.96027188555354
3.720000000000003,-1.1984716898841026,-4.19425598008063,22.856208006826186,5.835648792776208,0.2047747753867517,0.0,-2.215082422086698,-5.218065194381885,5.0875549766097885,-0.23060094160833353,0.16701991392241025,0.0,438.59865960796594,437.571799106489,439.91151415259344,437.091929895078
3.780000000000003,-1.3345295661495453,-4.514065242852484,23.15712403619946,5.821722890619615,0.21482537001551183,0.0,-2.320885805292983,-5.443153566603798,4.942116218768801,-0.23526862215836863,0.16847099860044248,0.0,426.08155477438083,426.23378222960423,429.00472816564564,428.5522557134544
3.840000000000003,-1.478914603427177,-4.851297955595266,23.456594735269093,5.8073463556088285,0.2248798920830728,0.0,-2.4926632108710964,-5.798526245553332,5.037375303053534,-0.25010320942572883,0.16572376068192698,0.0,512.2830621786794,512.110419909722,512.7253650912278,511.620773446824
3.900000000000003,-1.6321387721105205,-5.206764195229494,23.75501004008984,5.791997458401369,0.23478320789872154,0.0,-2.6154690826819307,-6.051230911498188,4.908512441070077,-0.27076609562447584,0.16368552382043983,0.0,442.24048461519374,442.0986684017422,443.46390592285564,441.69597899995364
3.960000000000003,-1.7926235791744507,-5.577103060706894,24.04455093435303,5.776138928507843,0.24491377117496693,0.0,-2.7346702114358115,-6.294335401744137,4.741698552971593,-0.25381462423868145,0.17754368126755488,0.0,431.1943514633484,432.3918680248904,430.5038555554972,431.86316210075057
4.020000000000002,-1.9611886977691004,-5.963750820504316,24.32659893088773,5.761031141040217,0.25576243961199463,0.0,-2.884836903395054,-6.594621433853096,4.657941117205173,-0.248045735196951,0.1866463736134066,0.0,464.6669745911744,465.4101472204986,465.34240376293775,465.7334226150389
4.080000000000001,-2.138982256468234,-6.368707050908011,24.60348920345886,5.746089830738487,0.2674436862992664,0.0,-3.0423090415463734,-6.904530278101017,4.569648213813195,-0.25104474485161504,0.20721995719011743,0.0,467.7167468402558,469.35119137766003,468.57662233991556,468.28465469723704
4.14,-2.3264376939263203,-6.792506317091524,24.874868151070412,5.73087360432859,0.27962951417533954,0.0,-3.2069260305494547,-7.2226563768059995,4.474085481677569,-0.2592743210273871,0.1932383811427476,0.0,471.413877423936,470.36969103712806,471.5811153253977,470.8841018952682
4.199999999999998,-2.5229193109414307,-7.23370208224147,25.13715490529194,5.71526678053217,0.2913341686998532,0.0,-3.343124560233608,-7.484638118312706,4.267401153737597,-0.2618437439510473,0.19851788532273656,0.0,433.72357670592925,434.20502500832913,435.03725901284486,434.75224141766125
4.259999999999997,-2.728558591334112,-7.692292835454036,25.3891228600451,5.700296776483244,0.3029726747012953,0.0,-3.51212007093576,-7.802222018220439,4.129337632777293,-0.2321854284209811,0.18286465864328946,0.0,465.69844214106655,464.50670623537997,463.7234766915965,465.9876214626431
4.319999999999996,-2.9441741232062917,-8.16954450810248,25.631631550530933,5.686807543849412,0.31369050714260993,0.0,-3.6755932686442687,-8.106661869983464,3.952398188759212,-0.21313841207340592,0.168443604723551,0.0,457.2786470323692,456.15771680915253,453.69459644474784,455.1725032631447
4.379999999999995,-3.168767880121826,-8.663551273271429,25.860787198346507,5.674005439442354,0.32368809582040825,0.0,-3.8114093875571466,-8.360967348257747,3.684987759881001,-0.21383156193091266,0.1627250278104089,0.0,423.1053094599054,422.6405613775681,424.6201528142719,424.51340809682256
4.439999999999993,-3.402009517723041,-9.173631166789752,26.074613116683015,5.661155703872183,0.3331144937502373,0.0,-3.963764692951314,-8.642302422675336,3.4410345397652446,-0.21483076280031066,0.14246773420256645,0.0,438.68692171051185,437.02443999122903,436.21749509671884,436.087787520111
4.499999999999992,-3.6449220790310077,-9.701461504185815,26.27453141101431,5.64911831329211,0.341747913541262,0.0,-4.133633139972614,-8.95250216915687,3.2210590673621944,-0.18150267109666998,0.1465906030298851,0.0,451.8522486666135,452.20354828097993,449.1038931883659,451.7599744879801
4.559999999999991,-3.8995557153362608,-10.250426657229497,26.464176104107768,5.637903928439412,0.35075613996824373,0.0,-4.35427415204906,-9.346256254183048,3.0975639789403817,-0.2007953702861293,0.1564173138334396,0.0,493.46298986311825,494.20673888260677,495.2735931536366,493.82165202497174
4.6199999999999894,-4.164209644225429,-10.817685659659334,26.638792207423847,5.626044238785028,0.3602676165797494,0.0,-4.468086539583612,-9.56338855474277,2.722282219963007,-0.19204204947769327,0.16243237200328486,0.0,395.1067568728649,395.6883914746868,395.5467457634064,396.3089130436128
4.679999999999988,-4.437525694488851,-11.40095727914645,26.794333034021985,5.61473280048185,0.36991793731581435,0.0,-4.642762624610458,-9.879406690578206,2.4604486927080114,-0.1822905850526839,0.15744877832323334,0.0,449.67191017038186,449.2921209314844,448.7798889510403,449.5368049105802
4.739999999999987,-4.724008550913186,-12.00745786657898,26.93904295211881,5.603603620085346,0.37912163713514513,0.0,-4.9065265010705374,-10.336756490129378,2.3594703816978937,-0.19278470698888778,0.14373074700440774,0.0,519.7024203238755,518.7580650383475,519.2473950338257,518.4823418574572
4.799999999999986,-5.024859840999206,-12.639059655240938,27.074178389136176,5.591771765243966,0.38826375068558683,0.0,-5.121846194487778,-10.716625930538498,2.142182304960096,-0.2079139850786538,0.1656296188455108,0.0,482.97641091410645,484.6453230485951,483.6807811909178,482.504679153321
4.859999999999984,-5.3382674738974165,-13.29288305527444,27.19500584166451,5.57910910933604,0.3984631427558174,0.0,-5.325146061563862,-11.077569976186957,1.8826313058000852,-0.21816897618390352,0.17752080650830646,0.0,473.2150725410122,474.1555194434065,474.966306634871,474.1378868519142
4.919999999999983,-5.661099024729695,-13.96410299644046,27.294682152999684,5.56570297679967,0.40929635302568457,0.0,-5.436425148252312,-11.297500777450168,1.4388642262791365,-0.23685432955204294,0.18600976070171937,0.0,396.84214996924464,397.6566672003929,398.48926681103785,396.7199756473238
4.979999999999982,-5.994163155506064,-14.653953008280386,27.37345721180671,5.551852050854015,0.42052926743042995,0.0,-5.665602293183533,-11.697260684390525,1.183473923202631,-0.22096294983313725,0.18951985110677705,0.0,488.75629710294453,489.0484641464683,487.6930342010971,488.8310016082053
5.0399999999999805,-6.340193936197015,-15.366607261717515,27.434947960242063,5.539048363647831,0.4317544500225843,0.0,-5.8687560451393,-12.057921360954868,0.8632391284516717,-0.20145381885417654,0.18172070423596198,0.0,471.9345636870692,471.3636600698214,468.6491604413244,470.1211137559411
