,episode,time,x,y,z,phi,theta,psi,x_velocity,y_velocity,z_velocity,phi_velocity,theta_velocity,psi_velocity,rotor_speed1,rotor_speed2,rotor_speed3,rotor_speed4,reward
0,1.0,0.06,-2.3301618727937237e-07,-3.587017939005423e-08,0.008882037095555146,6.283146169883423,0.00018662328266838557,0.0,-2.0821598671216363e-05,-3.7167449406882506e-06,0.2960379444412796,-0.001989990304397962,0.008700736181289328,0.0,494.13193573583686,494.7727564178773,496.0473509750989,495.9012377970381,-1.9973354695372438
1,1.0,0.12000000000000001,-7.965473473136927e-06,-1.545202542731976e-06,0.03113872654130369,6.28260049878498,0.00022874873481892877,0.0,-0.0002777923043536446,-7.596136548489011e-05,0.4458045390141746,-0.02970401436239846,-0.024459424518762013,0.0,452.9484360388296,450.274211159505,454.5540990985272,452.32815371908816,-3.9879967047776574
2,1.0,0.18,-2.3831703658904977e-05,-2.4195691524304417e-05,0.060047178645475596,6.280865564443989,6.282009487516667,0.0,-0.0001106289279364334,-0.0008510759022598363,0.5177799407149712,-0.027383809702480236,-0.02138840771571923,0.0,427.9540309078004,428.21523173099484,428.09364221106665,428.2907164136055,-5.96999695940257
3,1.0,0.23999999999999996,2.623143639798917e-06,-0.00013654832389209257,0.09679617019721128,6.2788754750892615,6.280524126303391,0.0,0.001150643909448211,-0.0030988225421434085,0.7070872382800657,-0.04842240415181724,-0.03252355388190774,0.0,465.10371773245583,464.2308458996762,465.5189072768661,463.86949791993453,-7.940999859783666
4,1.0,0.3,0.0001393864420621699,-0.00043092348115732166,0.14414009906300995,6.276653376813064,6.2789784126306145,0.0,0.003599788607493502,-0.006991737860819029,0.8709307975923531,-0.020678976370916743,-0.014844759692007206,0.0,457.5325257728399,458.9375244100002,455.1467322284334,457.36064203735515,-9.897928923041729
5,1.0,0.36000000000000004,0.0004560269937880552,-0.00100584349439992,0.20175313885902685,6.275602849179762,6.278045950339397,0.0,0.007057777466364779,-0.012300684394976254,1.04935551134559,-0.011822452317605332,-0.016971215179519224,0.0,462.3494586784134,462.18202250302784,461.1951867069202,461.89416120858954,-11.837841542530477
6,1.0,0.4200000000000001,0.0009853491977926008,-0.0018971348214482805,0.26691164686715735,6.274695439192421,6.276915516946392,0.0,0.010690961270078172,-0.0174867696835673,1.1225241856361972,-0.02271375105063006,-0.02286877356983698,0.0,430.24156178572406,429.7420405865769,429.3401697955636,428.41530249954087,-13.758632793676101
7,1.0,0.48000000000000015,0.0017721596360158623,-0.0031405250021853555,0.33888874522563706,6.273814842290529,6.275575501320212,0.0,0.015684152287545005,-0.0240776868134821,1.2765507806714385,-0.0021327907856762947,-0.021284267808272257,0.0,454.2267849764045,454.35380884726845,454.87727291511396,456.52231243490047,-15.65843997549987
8,1.0,0.5400000000000001,0.0028715387380196787,-0.004774739272183709,0.41799077086725367,6.273489853303328,6.274048360132298,0.0,0.021098987512007263,-0.03041681216558948,1.3600860261226597,-0.012961292274719762,-0.03546233280654544,0.0,432.61027027250316,431.41474053462395,435.03172865306414,434.12425135451906,-17.535336627642756
9,1.0,0.6000000000000002,0.004324669713810287,-0.006793156063636533,0.5015855572150663,6.272594287457434,6.272015102438889,0.0,0.02753958500038602,-0.036943807895054734,1.4263233184607207,-0.019177539971799534,-0.03091145238951252,0.0,427.3157604774135,427.702968896532,428.6205117932885,428.0920320607719,-19.38819630821147
10,1.0,0.6600000000000003,0.006247729321157554,-0.00926407591159903,0.5930583484522802,6.271615896390365,6.2696222756936315,0.0,0.03679019816987732,-0.04554051300174616,1.6225077482849117,-0.011107466918164534,-0.07162051846475263,0.0,471.5754914663999,468.41953113062016,466.5324257395067,467.16214729814715,-21.214932345245614
11,1.0,0.7200000000000003,0.008812056216329517,-0.01228716833808709,0.6975989462492049,6.270632231661535,6.265056921660982,0.0,0.04922309496308805,-0.055322533082944735,1.861810765331596,-0.029915416430804913,-0.08698887798981733,0.0,481.67091984618474,480.5031741134169,482.8365874536096,481.4157587945006,-23.011982428737177
12,1.0,0.7800000000000004,0.01213750926550687,-0.015856987550783422,0.8111363200200498,6.269407505914533,6.259945521859056,0.0,0.062120126652402886,-0.06381078097902547,1.9226553348109932,-0.006124042107597219,-0.08181741366325915,0.0,426.04689689778616,426.48248382559046,428.30590134622304,430.3243612929742,-24.777039881776048
13,1.0,0.8400000000000004,0.016331168810202086,-0.019953067047493993,0.9281479889442745,6.269057671147975,6.255019379562771,0.0,0.07813503588297638,-0.07275803055806684,1.9776267886497467,-0.005249998357432865,-0.0826780920956148,0.0,426.2718149459787,426.19247744972824,425.99007908301354,426.06490593978737,-26.509480755850074
14,1.0,0.9000000000000005,0.02167534012051732,-0.02463828792394866,1.051705359302426,6.269056716521966,6.250267677290488,0.0,0.10053514712960175,-0.0834275360977891,2.1406434565983363,0.008806429560455966,-0.073011565245082,0.0,460.2671489311589,461.0266806534556,459.409179451004,460.5223151142753,-28.207863236472686
15,1.0,0.9600000000000005,0.02835132645909769,-0.029911183812931043,1.1815699856256192,6.270149043173319,6.245970255246483,0.0,0.12240321053683431,-0.0922537082700505,2.1880729538727848,0.0323739726425202,-0.06898458498377674,0.0,424.4645438153434,424.80576026308484,423.52564330938105,425.54771899073876,-29.87087099386661
16,1.0,1.0200000000000005,0.03661678452662328,-0.03575400186500593,1.3194391434054902,6.2719821196592935,6.2417456767697495,0.0,0.1535951268298399,-0.10227534938655035,2.407111675614122,0.026631771477892602,-0.07342229523143703,0.0,478.46894298487535,478.12757589058845,477.5347967360377,477.09683507208064,-31.49675048676245
17,1.0,1.0800000000000005,0.046810741003576385,-0.042141972155007,1.4693453898345805,6.274341393608765,6.237242884941676,0.0,0.1866944341065351,-0.110418208535619,2.5893458602716017,0.057006787150499304,-0.0785086475633829,0.0,467.9598511406311,467.55964207067774,466.84988035263837,469.21449446615946,-33.082632683759655
18,1.0,1.1400000000000006,0.05890423475689396,-0.04892290966998078,1.6260869434094545,6.278425023253094,6.232211960749536,0.0,0.216871471684236,-0.11525417626517576,2.6352455259711474,0.0840599607264024,-0.09753813678692139,0.0,427.1026065246957,425.47024999649085,425.07204430528765,427.38756230899,-34.62715474406488
19,1.0,1.2000000000000006,0.07307273794534405,-0.055923557661308895,1.7887629185752565,0.0003831529630602404,6.227150824094254,0.0,0.25598171722645013,-0.1175414513503833,2.786895747149418,0.08885794498373935,-0.06618607241975735,0.0,458.8560013578083,461.3321068300894,459.4072675646112,459.7933143138519,-36.1292247571743
20,1.0,1.2600000000000007,0.0895573098478808,-0.06294954029695315,1.9581322119595876,0.005371146575947172,6.222960909845989,0.0,0.29389059000149853,-0.11615088239472181,2.8585421348739004,0.06810284921917202,-0.07835280771551971,0.0,435.80175622109,434.7797049452028,437.03956130454617,435.3118381453287,-37.58753714862987
21,1.0,1.3200000000000007,0.10854766563520314,-0.06978341100520326,2.134182243013646,0.009200746900398293,6.21842534544715,0.0,0.33960124641434114,-0.11121257021859722,3.0093660742825104,0.05350244707344694,-0.07057918876687169,0.0,460.38632829967185,460.9966815872019,461.58262483801644,460.4317325648454,-39.000781798717895
22,1.0,1.3800000000000008,0.13025332070112944,-0.07625841852717195,2.3173561696104374,0.012399509520164997,6.214255942887874,0.0,0.38432353131191127,-0.10430335406000404,3.096160729001764,0.05293065847814162,-0.06739724221885658,0.0,442.55237308271455,442.8105144654815,441.1923284315433,441.14700789768455,-40.36752846960326
23,1.0,1.4400000000000008,0.1547817407538706,-0.08224379659858418,2.5065431391829853,0.015266247389192245,6.210768818156911,0.0,0.4336527224979046,-0.09489689358204235,3.2097177654915603,0.03471417482757053,-0.044093924916741974,0.0,450.1916910808805,452.07086740125555,451.37559489855744,449.90437530160966,-41.6866731890541
24,1.0,1.5000000000000009,0.1823145717819561,-0.08761380532498375,2.7022134151380417,0.017193867160791854,6.2078571076605975,0.0,0.4843657218232055,-0.08390249412123517,3.3122971747891934,0.02637405513525921,-0.05932819831394273,0.0,448.8189618129988,447.57928989442775,448.55964164852054,447.88219343890836,-42.95698767764477
25,1.0,1.560000000000001,0.21308123706400925,-0.09225676351161691,2.9057105727095656,0.018697950892347492,6.2040752141417705,0.0,0.5415543706078393,-0.07070071539504762,3.470425003955581,0.02231941827527353,-0.07171249100713008,0.0,465.87874899487775,464.90665065491845,466.5940431330666,466.27745464544637,-44.17687590600459
26,1.0,1.620000000000001,0.2475711221527044,-0.09602505076527965,3.1212448597376166,0.020869392462096847,6.199404316914855,0.0,0.6085896852454541,-0.05469731358169889,3.7132249081944306,0.055018643995880474,-0.0944001006059308,0.0,492.4037174419648,490.7180142757223,490.6882312764848,493.110171048254,-45.3435812999587
27,1.0,1.680000000000001,0.28556443451606944,-0.0989334161092356,3.3437995328996175,0.024074045159671265,6.193432838383993,0.0,0.6583494221345334,-0.041968975608114814,3.705222510551185,0.049985542502498634,-0.1124914790903988,0.0,416.25653672599464,414.66068633761444,416.8208759029211,416.38284110558834,-46.45579079527641
28,1.0,1.740000000000001,0.3268157791673895,-0.10097730816336757,3.567683177553855,0.028002796977309785,6.187060218791977,0.0,0.717294390442275,-0.025828128574466907,3.757305393248964,0.08577905761265572,-0.095940363444212,0.0,435.5104145660998,436.8823859112211,434.160644232323,437.15658809019254,-47.51382376820948
29,1.0,1.8000000000000012,0.37180168441671047,-0.10194771589940932,3.795490906105793,0.0330182006879296,6.181037567806442,0.0,0.7827827903428456,-0.006026551596357071,3.8359245685212007,0.07881041217884541,-0.11117867100517209,0.0,446.7189516633604,445.4657509512846,444.088596408122,443.5222828232993,-48.517301316472576
30,1.0,1.8600000000000012,0.42111599745478,-0.10154137932186177,4.030660177226464,0.0376723371272627,6.174165755358022,0.0,0.8617152963674559,0.02007233009319071,4.0023467075545645,0.0749642459558336,-0.12224741684499602,0.0,473.2559924118306,472.3922811016725,472.55534783463867,472.2631452322674,-49.46490047633763
31,1.0,1.9200000000000013,0.47545540389036234,-0.09941936339785817,4.276984149325083,0.04208762880547745,6.16702722163593,0.0,0.950355474766043,0.051151642024247934,4.207554073996869,0.0706850864989991,-0.11313037978894369,0.0,485.9165888217283,486.58816231253167,484.7830957337698,484.4651503964942,-50.354267661726574
32,1.0,1.9800000000000013,0.5351801749937087,-0.0953654766307381,4.534751309714442,0.046298833893829716,6.159918863188938,0.0,1.0411622546038628,0.08442193574596774,4.383853913645876,0.06917152339550518,-0.13216383174487664,0.0,480.2738974874642,478.8162501916477,478.07293743883156,477.9609669760675,-51.183005964299575
33,1.0,2.0400000000000014,0.5997951856206114,-0.08949187339247933,4.797296684212111,0.05044795062090568,6.151613467102752,0.0,1.113350342480808,0.11171344487925705,4.367564874903,0.06911278142852537,-0.15543837817473144,0.0,421.2335064929589,419.1962073681883,419.9805427561922,419.97937591804265,-51.95060307673987
34,1.0,2.1000000000000014,0.6693082933997113,-0.08174958218706162,5.061981044848729,0.05424057375411362,6.142487982697528,0.0,1.2046139934825264,0.1467370836300881,4.454692919481073,0.04753057849434397,-0.14612771406797173,0.0,454.0940355246463,454.8190841111067,453.981773156577,452.24927380785,-52.65732612596128
35,1.0,2.1600000000000015,0.744543186022282,-0.07180958343889389,5.332311696509112,0.057764330435404965,6.133501113111599,0.0,1.3040430799032205,0.18489493619159936,4.555697347905245,0.07488408911280744,-0.1583158704602904,0.0,459.9241288719257,458.9372489996191,457.9798286735649,460.1526894710807,-53.3025384478469
36,1.0,2.2200000000000015,0.8255442448828716,-0.0596515207387142,5.606141507675379,0.062390575134047666,6.123822475751751,0.0,1.3968175949727983,0.22076609859391447,4.5716556737172125,0.08120825739774164,-0.16808695484357955,0.0,433.91133688136944,433.06458069654445,433.48047671144326,434.01651670784986,-53.88625472523076
37,1.0,2.2800000000000016,0.9126660866948417,-0.045109637074260904,5.8832225837387515,0.06669059979485592,6.113971804505098,0.0,1.5081580301853825,0.26440332128125077,4.663701733288336,0.034131714274851135,-0.15733318423145962,0.0,459.2935810506313,460.1209597929668,459.2480474929065,455.50149876251425,-54.408620667239866
38,1.0,2.3400000000000016,1.0071010829816,-0.02770590048671201,6.168308926077538,0.0686403169663059,6.104582669037747,0.0,1.6405757137718335,0.3158771499724249,4.838112826548017,0.029003962497974038,-0.15484418282672482,0.0,484.8840519539459,485.0500815891383,484.78790662004786,484.40271440181834,-54.8685700844571
39,1.0,2.4000000000000017,1.1080584908188793,-0.007790202886309988,6.454875858493965,0.07079854704939859,6.095525794888152,0.0,1.7253631218462406,0.3481369470083257,4.7144154896574575,0.0471552571740152,-0.1441223538097665,0.0,389.6413136394886,390.6175640972927,388.7204277287063,390.41873387350205,-55.266861935020465
40,1.0,2.4600000000000017,1.2147696189382913,0.014294914174826352,6.736836735385469,0.07354754589616075,6.086863130229958,0.0,1.8323697918525386,0.38825441951667006,4.6841281208062515,0.042996158008651704,-0.1448928574409691,0.0,422.13843368076533,422.05124732632703,422.22336997050655,421.86568935923293,-55.61453027433876
41,1.0,2.520000000000002,1.3287316021187676,0.03908454207559391,7.020378909279346,0.07578710856030213,6.077792126146289,0.0,1.9671158023214241,0.4382581155144831,4.766578375593941,0.022481991407806688,-0.16831722522875622,0.0,460.1889387737809,458.3095131313132,459.70470407999727,458.07665101407895,-55.91876144481326
42,1.0,2.580000000000002,1.45057829844513,0.06677377641936019,7.307009487130281,0.0774809368205025,6.067511712723043,0.0,2.0952810103370783,0.4848197068258427,4.787313260117211,0.03777651726525223,-0.17818883072902367,0.0,441.7128510096252,440.86936265802825,439.92596465772743,441.19096875414493,-56.18186422113352
43,1.0,2.640000000000002,1.5810777412538541,0.09756148150185714,7.598358670957471,0.07960901602363268,6.0580140396146405,0.0,2.255559865079285,0.5415904656180677,4.923270764665249,0.03039834388175222,-0.1344720135118333,0.0,476.179100472061,479.4885963173405,478.48104908248575,477.91939400135396,-56.405948386672996
44,1.0,2.700000000000002,1.7203188311702795,0.1314267369299918,7.893206843137043,0.08145087896423497,6.049872310822023,0.0,2.3864325339722243,0.587382912750481,4.904730261446654,0.03128972989997455,-0.13825910446832662,0.0,430.7620141034067,430.4239127539505,431.7322403729736,431.8078004801333,-56.59351000416196
45,1.0,2.760000000000002,1.8680483331392124,0.1682405705726037,8.189007575947185,0.0837119139646374,6.041417124619649,0.0,2.538527623482083,0.6398880597708028,4.95464901033445,0.04811155303567698,-0.14684937773077825,0.0,454.8004502697906,454.0937234184247,453.20206216069056,454.5529616618343,-56.747694402491355
46,1.0,2.820000000000002,2.025215961577091,0.2083013104741497,8.48839466564577,0.08700251959690597,6.033119851805413,0.0,2.7010367369302855,0.695705465923877,5.024130521122677,0.06571910670495139,-0.12511724819750264,0.0,460.77123780617734,462.4690707472593,461.2066313937894,462.59726263707205,-56.871231184413
47,1.0,2.880000000000002,2.1916253184373695,0.251551198770039,8.789351901147322,0.0904095990469731,6.025653557840558,0.0,2.846479791786736,0.7462489275080346,5.007432534156289,0.02533554212678402,-0.12311496958979251,0.0,435.4304468696405,435.5835401807338,437.2738525788473,433.8980308810426,-56.96737856923102
48,1.0,2.940000000000002,2.3678455130726404,0.29821216041405774,9.092913810740832,0.09235104982682696,6.018694512773386,0.0,3.0279926264139565,0.80920442741957,5.110330501960268,0.04361480887990035,-0.10459288045432834,0.0,473.6483183633196,475.05956852172983,474.0601288528905,475.463159438951,-57.03932172805478
49,1.0,3.000000000000002,2.5559362427347865,0.3489816772020256,9.405731445168055,0.09561918099182698,6.01289820088599,0.0,3.241969214761486,0.8833193431405656,5.315384881978945,0.07025590282403679,-0.08412980472764042,0.0,504.57997475385133,506.0483689112851,507.4825883737828,509.3930214358371,-57.08907767048541
50,1.0,3.0600000000000023,2.7556835155774606,0.4038277493232561,9.726155994487723,0.09941416007873372,6.00787954594394,0.0,3.4165120979343175,0.9451969564351219,5.364726633961158,0.043099847200195884,-0.08269101153548095,0.0,463.22820179199533,463.3359529272186,463.79633855783396,461.6607183027174,-57.11908425160931
51,1.0,3.1200000000000023,2.9644916699880333,0.46192579178149384,10.044279449610135,0.10242671933851266,6.002930312152159,0.0,3.5441157424626213,0.9916207579683485,5.239661709714297,0.0615784573274862,-0.08208300914459042,0.0,405.82612633435446,405.8744750077608,404.7373013871246,406.39919871031793,-57.160293325023204
52,1.0,3.1800000000000024,3.181944819567161,0.5231853861505221,10.358114864138729,0.10616145015568446,5.998543948436218,0.0,3.7045516065309276,1.050640425258527,5.221183453948889,0.06354673670047498,-0.05943516195883396,0.0,441.3479585507603,443.20925574226675,441.71270729933684,441.8778438465848,-57.379266845980126
53,1.0,3.2400000000000024,3.4097227493788993,0.5882827984983712,10.673016888680218,0.10968811820474844,5.994970120485437,0.0,3.8880952802389444,1.1195427807475025,5.274834061277123,0.04694881971124817,-0.05982221035667124,0.0,466.63294882513725,466.6004183498444,466.22497893209754,464.9282825893677,-57.780573576947376
54,1.0,3.3000000000000025,3.6481278551488963,0.6574158463806392,10.989673814711015,0.11265029825253325,5.991434913963502,0.0,4.058828567008948,1.1850891216336703,5.279948413004162,0.05381672222794647,-0.05717505978347425,0.0,451.90243581617017,452.113448481736,451.81352728326044,452.36848434641047,-58.36913883181954
55,1.0,3.3600000000000025,3.8964769804732664,0.7304054306001401,11.305505803541909,0.11589419125180811,5.988371600195617,0.0,4.219563788154819,1.248128485995601,5.247548932359809,0.05455645405733229,-0.0409998495207408,0.0,439.7677214923349,441.1040462959016,440.80175811803537,440.86486113772736,-59.14885529620413
56,1.0,3.4200000000000026,4.153966879612231,0.80702795079073,11.617668081417266,0.11918873124607021,5.9862674320801705,0.0,4.363505906968676,1.3062026751148386,5.157981421435835,0.055604656939287934,-0.025272373470314826,0.0,421.0549613459266,422.41308338742977,421.2983584721662,421.3912015045292,-60.1224541697502
57,1.0,3.4800000000000026,4.421535636848039,0.8877447568036044,11.929128804987986,0.12251175417750026,5.984861044691746,0.0,4.555221527007448,1.3845809882551088,5.223305652813529,0.054938308387875195,-0.020006124423402966,0.0,472.16788784851656,472.5740550648485,472.647255447919,472.5977515378197,-61.29397692934209
58,1.0,3.5400000000000027,4.699025692976411,0.9725976737431526,12.239420316434252,0.125948232395535,5.983524424733098,0.0,4.694446717439394,1.444108120310905,5.119977092249424,0.06157805378974182,-0.027256258765152794,0.0,418.9447859825143,418.313691399719,417.1610866430593,417.74309768395085,-62.66729003428823
59,1.0,3.6000000000000028,4.985046595358129,1.0611482813418784,12.544122195933957,0.1292538405747532,5.982189350414645,0.0,4.8395576358317705,1.5078440419648687,5.036854112006968,0.03716318645437623,-0.013760088250955819,0.0,424.30873244645636,425.4660117356385,425.4196753964757,423.32553066308236,-64.24438515607842
60,1.0,3.660000000000003,5.281275668269302,1.1541981391579814,12.84868615690038,0.13141320099505727,5.981137864934,0.0,5.034407122329643,1.593914128096198,5.114498666483295,0.03353232421403016,-0.026380974975950502,0.0,477.6375082441438,476.67389237693504,477.44047956883577,477.1638004295936,-66.02963314537672
61,1.0,3.720000000000003,5.588283252525555,1.252071904647165,13.155051532488072,0.13312173411786254,5.979707409855285,0.0,5.19903656111536,1.6686475296994139,5.097418633480247,0.015719728984758242,-0.019192045456636497,0.0,448.41053479519496,448.9942221189908,449.134538229713,447.6873892695519,-68.02825515227495
62,1.0,3.780000000000003,5.903725635643938,1.3538456599710462,13.455879878414825,0.13396827968247305,5.978817823594449,0.0,5.315764878178838,1.723925421674721,4.9308380496381305,0.010675948255610995,-0.007278394091158591,0.0,396.3822196745416,397.4759333742187,396.4566453853837,395.99272634132416,-70.24229050448389
63,1.0,3.840000000000003,6.226898742557871,1.459264123027323,13.74911538192328,0.13432877011792232,5.978317563254489,0.0,5.456545110607609,1.7900592087871818,4.843891372739728,-0.005511455305604745,-0.010545199239643265,0.0,423.9380375767775,423.65728781787453,424.5768518009991,423.1853396778729,-72.67287397873643
64,1.0,3.900000000000003,6.559180163767018,1.5689443536053498,14.039339114054775,0.1337162703202699,5.977304251704199,0.0,5.619270826852309,1.8658460028576564,4.830035783466098,-0.021817880896880207,-0.034261124077708247,0.0,449.3150689854654,447.38781413832993,448.81409564407136,447.4884685206772,-75.32311306816457
65,1.0,3.960000000000003,6.901220425639382,1.683159125448036,14.328793244222915,0.13302795025369196,5.975138497302105,0.0,5.781947735403678,1.9411554060961562,4.818172915672264,0.0037652300652874504,-0.04004319853407866,0.0,449.9230310433171,449.45397398547664,448.07537095586076,450.15092628265717,-78.19706490675767
66,1.0,4.020000000000002,7.2531231111617815,1.801921480460517,14.617870408874735,0.1328155276592895,5.972931301533789,0.0,5.94800765357538,2.0175087618514915,4.8173752776788215,-0.02509160713199678,-0.030962037456092245,0.0,454.2750687624526,455.00223627561985,453.8419129997518,451.5193288088068,-81.29893940690678
67,1.0,4.080000000000001,7.614094454670021,1.9248820319082953,14.904163462211413,0.13090897849994754,5.9710097248251905,0.0,6.084337608759492,2.0810356505883356,4.7259518735773165,-0.05053575504466614,-0.03424410212624514,0.0,424.67661200064794,424.3944946664619,423.85916878426235,421.665652666654,-84.6318813915437
68,1.0,4.14,7.984412555044949,2.0520889834261498,15.188617115223037,0.12781353077730273,5.968513630419816,0.0,6.259398025356975,2.158796926824019,4.755368581601661,-0.053788245221348445,-0.06338964793776182,0.0,464.5134187811513,462.22060198167117,464.12530434039036,463.86831518132925,-88.19941698765194
69,1.0,4.199999999999998,8.363666848685934,2.1832807147940763,15.470058561053104,0.12469548794837859,5.964637462152648,0.0,6.382570605775891,2.2140362284299813,4.626402210066103,-0.04855516692174929,-0.06714544932968249,0.0,411.84329337572,411.5074383687162,409.84235066270884,410.3053362318892,-92.00451882501187
70,1.0,4.259999999999997,8.750539102737166,2.3178154393820494,15.744424778351888,0.12160051903994606,5.960143316087851,0.0,6.513316879069907,2.2702114285062307,4.519374759411038,-0.05845186416664795,-0.09870242622194968,0.0,418.61494652951296,415.85379056546105,418.92781894921933,418.06423152510143,-96.0483526211532
71,1.0,4.319999999999996,9.144927289056497,2.4555355509304864,16.011323795116795,0.11850306874717198,5.953762736867734,0.0,6.633270601702189,2.320224290913368,4.377611904786041,-0.040622386785983434,-0.12952065095330528,0.0,406.4490144121748,403.6649261477632,403.7323786584108,405.33619453588904,-100.33188861168433
72,1.0,4.379999999999995,9.548362168193275,2.596822388971352,16.274920317364522,0.11574267911018854,5.946448664510527,0.0,6.814811316524834,2.388949292234171,4.408153128972597,-0.05985207451994049,-0.10988755816684491,0.0,464.3502838408017,465.8752641445473,462.6147005382754,461.09644216871555,-104.85792007404308
73,1.0,4.439999999999993,9.962594379176677,2.7421023984260864,16.539808150518734,0.11192089511842873,5.940081027272189,0.0,6.993083605302196,2.4532527992592628,4.420824811270314,-0.07277198589751571,-0.09951008062606892,0.0,459.1820936446823,459.99527836034923,459.5270936942087,458.4986617537107,-109.63127155247953
74,1.0,4.499999999999992,10.38699968082665,2.890972060207018,16.80381122158057,0.10721550086843479,5.933729834116283,0.0,7.153932542337072,2.5086076233522707,4.3790198348318565,-0.09319225149383405,-0.12320432844112887,0.0,443.7412737107803,441.7811777240495,443.029959535174,441.3421804964587,-114.6558064412638
75,1.0,4.559999999999991,10.820638697820879,3.0429287442778112,17.06400019833762,0.1016936272438711,5.926511967849699,0.0,7.301009520189627,2.5561240416260276,4.293902463400093,-0.08980635976193711,-0.11504481774945766,0.0,427.20524233361914,427.88689586751246,428.6307754872587,428.9110322718145,-119.9340767333947
76,1.0,4.6199999999999894,11.264102038339209,3.197891348393553,17.321578949241182,0.09595302402030637,5.920150009672771,0.0,7.481236071423891,2.6086913883181615,4.291523496738373,-0.11123191966625186,-0.0923234968872908,0.0,455.02560667043696,456.8315306285449,457.82803561663474,456.11191519955423,-125.46914843418689
77,1.0,4.679999999999988,11.718377951202823,3.3558736919739034,17.57886430506698,0.08928416227392422,5.914206591747742,0.0,7.661341195977224,2.6566961541251164,4.284218452395762,-0.11097992778363719,-0.1180072864979209,0.0,457.37002864498993,455.31077817851695,455.44054525271247,455.4500929481626,-131.26508321866
78,1.0,4.739999999999987,12.182449821345408,3.5163634522659146,17.832976422927185,0.08252841094364172,5.906904365711558,0.0,7.808002686089925,2.6924068947642716,4.1862256109152085,-0.11603781643087871,-0.13036011621122132,0.0,426.56619911334025,425.49548543180657,425.91351373787705,425.46868960854846,-137.32462012762156
79,1.0,4.799999999999986,12.658709012790869,3.67956225043228,18.089572699570414,0.07547208584667331,5.899024643674727,0.0,8.067262706268595,2.7465369622018843,4.365158441653943,-0.12093760264036835,-0.13333763275781957,0.0,515.4814780541326,515.2577446201844,515.1608079037125,514.8038071974165,-143.65297331645962
80,1.0,4.859999999999984,13.14892323007732,3.8455123810481147,18.35262553863757,0.0677745317022369,5.890777682611295,0.0,8.273349096889625,2.784306906530554,4.40231906870114,-0.1500394760977927,-0.14728283928120514,0.0,476.0691293932578,474.9843156025816,476.36097303318644,474.1152462487422,-150.25709166138853
81,1.0,4.919999999999983,13.65203925523032,4.013630292569007,18.618924123062747,0.058575413684973654,5.881715979347298,0.0,8.497328663155333,2.8185784374444713,4.473047733292441,-0.1608398796762477,-0.15981857868347749,0.0,489.1719372895406,488.2179608439029,487.8878869418607,487.060608914004,-157.14246976264715
82,1.0,4.979999999999982,14.167044233953067,4.1833794222423615,18.885507002332023,0.04878656882714161,5.8721346003572314,0.0,8.66986370773486,2.8388706330080633,4.412652905625677,-0.16820823343875382,-0.159433370254014,0.0,447.74818183546364,447.7555216295666,448.4127972135855,447.7884551562342,-164.31324896020539
83,1.0,5.0399999999999805,14.691855336853994,4.3541051550914815,19.146978073461817,0.03858365395137486,5.862463907912048,0.0,8.824253573399888,2.851196205834797,4.3029903003764645,-0.17400366175493553,-0.16491320321798916,0.0,432.28058648917033,431.7928560978342,431.45264822480254,430.9341681553313,-171.7711305298276
84,1.0,5.099999999999979,15.226611875152976,4.5254576686466415,19.403183908844607,0.02805469048430087,5.852575051934174,0.0,9.001309465620725,2.8596654583648378,4.236788149790045,-0.17861340991296773,-0.16461739302357933,0.0,447.24938618953024,447.2477550836326,447.1271537720099,446.72183359443846,-179.51770656562084
85,1.0,5.159999999999978,15.772625177090523,4.697169806537505,19.656557071817513,0.01710222735640521,5.8422959818072435,0.0,9.199401597849782,2.8630996208010404,4.208252124078152,-0.1918408317624677,-0.1901095367362985,0.0,462.06809260221684,460.0257153984753,461.35436507303547,460.27729850568744,-187.5556121822545
86,1.0,5.219999999999977,16.33112350041474,4.868904669615988,19.909196322411812,0.005257769229095821,5.8303859058155805,0.0,9.41752056798466,2.8603055105907407,4.211925222787771,-0.21185798110429338,-0.22594630473441496,0.0,474.10467077578915,471.3048124824077,474.99613907368206,473.42218062154575,-195.88837952998725
87,1.0,5.279999999999975,16.90144967279438,5.040237675756486,20.159092909385727,6.275522037362144,5.817417454189787,0.0,9.593907078550348,2.849806250641492,4.117425162838363,-0.22343964433182537,-0.20152861855700938,0.0,442.29655523492175,444.25668955739434,442.4150082789107,441.4137488359315,-204.51861360736822
88,1.0,5.339999999999974,17.481252702381276,5.210762541081566,20.40082689435495,6.261913305991493,5.806267940486194,0.0,9.733410419290742,2.833486973529351,3.940582092652146,-0.23457647468864987,-0.16535904458789083,0.0,411.7229189919139,414.87398294552014,414.0159027070198,412.97895073914464,-213.44646624871356
89,1.0,5.399999999999973,18.0723541410665,5.379999492832145,20.637445565707843,6.247611475744915,5.796467778101169,0.0,9.970006716534664,2.806491274816246,3.9455897240164917,-0.24726251334072955,-0.15957414578119725,0.0,477.23073881222734,477.648804864264,478.33095774082756,477.31097249015477,-222.67340600859552
90,1.0,5.4599999999999715,18.67689730014126,5.547415404326318,20.872716316669866,6.232833492282332,5.7866395283334775,0.0,10.181539529326727,2.7728566504892918,3.896048012121352,-0.2444442812624755,-0.17398059628478565,0.0,462.1540119187002,460.9920170922027,461.54194177572595,461.70612630981327,-232.20251471493674
91,1.0,5.51999999999997,19.29118115930735,5.712867116219353,21.099403076154122,6.217839960772128,5.776185670212826,0.0,10.295150549282575,2.741372359996576,3.660843102819774,-0.2639213907734694,-0.1747357266000181,0.0,393.69394316356585,393.5905428429489,394.73383886262934,392.8593543741036,-242.033550120441
92,1.0,5.579999999999969,19.914769801371005,5.87596690344901,21.31635713658916,6.2021786048312695,5.765655945061457,0.0,10.491331704417764,2.6941539004499253,3.5704143015040293,-0.2557883620967235,-0.1770574476690841,0.0,448.243635377127,448.0254696784249,447.1337816532375,447.7279510648853,-252.16567827286374
93,1.0,5.639999999999968,20.550274271468147,6.035993015424051,21.527960791339293,6.186788383291201,5.755626357421699,0.0,10.692281353325614,2.638963814579188,3.4824380771783723,-0.25797085378746093,-0.1524384462122387,0.0,449.87971074088455,451.84254221940853,449.33439482559766,449.09199032874585,-262.5999466963332
94,1.0,5.699999999999966,21.196892071461512,6.192651533770609,21.73253525031842,6.171707708627395,5.7462123442294,0.0,10.861831395990276,2.5820087721556186,3.3366201650861536,-0.24062447021711358,-0.16776886251678164,0.0,430.95416773724486,429.6314499424969,428.7050650059875,430.1108195142224,-273.33657035299836
95,1.0,5.759999999999965,21.85450002111091,6.345553353781122,21.929627372450295,6.157480284215616,5.736507463368337,0.0,11.05849894390945,2.513779053839301,3.232575298396764,-0.23092015764847276,-0.1518361432014583,0.0,444.89701147531963,446.17503880061685,446.1064114247755,446.8424909136181,-284.3754745772011
96,1.0,5.819999999999964,22.524369225070966,6.494080206471094,22.12110872455312,6.143716552014649,5.727065684225849,0.0,11.270394056925303,2.4362097381016685,3.149423139035314,-0.22651382735359582,-0.17168109060353715,0.0,456.5533622587933,454.9435071676359,454.1556268299686,454.45795973368877,-295.7173420240296
97,1.0,5.879999999999963,23.205926812847153,6.6380033799354425,22.30584203898653,6.130135237001046,5.717079367559421,0.0,11.448307766449972,2.3604243167490147,3.0079990657305613,-0.22604057055957397,-0.1576154422057035,0.0,435.02260800831993,436.17198592877077,434.3754036673691,434.3629333444344,-307.3622736935604
98,1.0,5.939999999999961,23.8986674622169,6.777098089564383,22.482780311757327,6.1164725828470115,5.707448381185785,0.0,11.643015478553355,2.2752526086905793,2.889398561897828,-0.2312729530635019,-0.1670520891997732,0.0,444.663871642412,443.86526404443254,445.27906991979876,444.7991662708111,-319.309837452622
99,1.0,5.99999999999996,24.602214837217794,6.911143039507582,22.651172396222943,6.102425967403541,5.697851155154215,0.0,11.808669550189352,2.192127682355016,2.7234634820959527,-0.24047882845083438,-0.14860840026707534,0.0,426.62465055913395,428.17142658192915,428.25336465975676,427.41218664151125,-331.5591965345065
100,1.0,6.059999999999959,25.315900245703784,7.039988655821428,22.809841626190718,6.087622835610318,5.688939232553771,0.0,11.980843292297465,2.1018958318878744,2.565269814301988,-0.2636343045538147,-0.14837995224495656,0.0,431.0286498996657,431.0265059456664,432.4048940573002,430.3850929507679,-344.10891569282126
101,1.0,6.1199999999999575,26.04076048572227,7.16300055774626,22.960191365588702,6.071649791989161,5.679723912110179,0.0,12.180994224955983,1.9975731753491022,2.4457435056481933,-0.27194672156022176,-0.1668257096776298,0.0,447.7655903913433,446.239438004523,447.82350340349507,447.0754896469155,-356.9581014155384
102,1.0,6.179999999999956,26.77932913723546,7.279033651009598,23.105673871244583,6.055008946411597,5.669289945185385,0.0,12.437521791830545,1.8692364716282466,2.4021497962432186,-0.29121071295683587,-0.19431894921651005,0.0,479.1702834469447,477.04738738109364,478.48907466156476,476.9471192052169,-370.10731241338533
103,1.0,6.239999999999955,27.53239133914026,7.387435157097517,23.24710012530464,6.037305516285983,5.658584140189696,0.0,12.664290537538841,1.7431851760480208,2.3107739235203364,-0.30411613354456496,-0.15780198566125406,0.0,463.0282442147755,465.86269818197246,463.9963075616238,462.8966627502109,-383.55739039984803
104,1.0,6.299999999999954,28.29967345430566,7.487843088738981,23.383704381370933,6.01889306870927,5.648849352576484,0.0,12.911267446137275,1.6027179407535959,2.2412625691865045,-0.31303767683888206,-0.17306226330176536,0.0,476.1050146765026,474.9121769067852,475.7412113760623,474.9678160351354,-397.3087566771727
105,1.0,6.359999999999952,29.08173358121064,7.579595559813068,23.51591833038961,5.999620769032099,5.638738750053909,0.0,13.15689156668282,1.4546922863631855,2.1643098039095148,-0.3472034377449865,-0.16069234198286675,0.0,476.5688283065066,477.48856430844705,477.21415930321024,474.4975181162759,-411.3619309185967
106,1.0,6.419999999999951,29.878858694951596,7.66208876963794,23.64375944752051,5.978885848923909,5.630134255558641,0.0,13.413243245531435,1.2939371796517583,2.095416997532165,-0.3425304096451913,-0.12160415919293138,0.0,481.94731354545377,484.8752210356227,483.47022369464474,483.7100684289319,-425.71734299222976
107,1.0,6.47999999999995,30.687006231287388,7.736367521974137,23.76192676556909,5.958628155930146,5.62267051109373,0.0,13.525142124869957,1.180920356920176,1.8437714945543475,-0.32930684981981656,-0.13065545419164765,0.0,411.5398051319992,410.72197233046717,411.1043865917541,412.14772783404425,-440.37293314787894
108,1.0,6.5399999999999485,31.50364490751064,7.802922630121065,23.867170413819476,5.939366488878154,5.615209293211407,0.0,13.695847519638855,1.036568828650394,1.6637970578705417,-0.3082157575955348,-0.11405716180535826,0.0,441.3215906623561,442.67576413602137,442.3175594898475,443.94536866825854,-455.3250545333143
109,1.0,6.599999999999947,32.33330137960513,7.859394703766854,23.964885239449856,5.921729608737412,5.608310079655819,0.0,13.958342572986938,0.844985531160341,1.5917218545640524,-0.27478361920284966,-0.11691253642123452,0.0,487.88952136602535,487.66568722280465,488.0409873436765,490.4501117402015,-470.57232893016084
110,1.0,6.659999999999946,33.17312473183571,7.906601866579343,24.051684761480015,5.9054963190287975,5.601300615308572,0.0,14.036019739870078,0.7276722155958892,1.3020862396940813,-0.26322798156666377,-0.11664889136447755,0.0,398.4411779325895,398.4513443564108,397.04347209611325,398.0192516737959,-486.11175233812935
111,1.0,6.719999999999945,34.02052768994048,7.9452770500433925,24.124474267250243,5.889365475105141,5.594063746556486,0.0,14.21027124129416,0.5607648765664405,1.123501624164161,-0.2834692367578709,-0.13002868470915926,0.0,448.5026631545712,447.4010336772735,449.3488525243923,447.63121684975766,-501.9388360402996
112,1.0,6.779999999999943,34.87572793578227,7.974986732429487,24.183529622112005,5.873024609987091,5.58620137566445,0.0,14.296545031015262,0.42868497834226943,0.8451399030318825,-0.2562992967189738,-0.13313957948522503,0.0,404.3361398585011,404.03799682420356,402.8441114009813,405.21052853081443,-518.0491093273968
113,1.0,6.839999999999942,35.738366934387926,7.995532251079171,24.228342701907792,5.857558622072412,5.577998479080865,0.0,14.457670525243675,0.2555231159194273,0.6478121134171717,-0.26086802029809014,-0.14503610239354914,0.0,443.194127871921,442.1973077850108,442.51655181594253,442.0729137960794,-534.4377818936092
114,1.0,6.899999999999941,36.60969065140397,8.005997580478043,24.26018443267282,5.8416734148619724,5.569264188008306,0.0,14.586249604112316,0.09263875553686435,0.41298322043121405,-0.27392527096259234,-0.1466630977054826,0.0,427.33371258739214,427.17417631401275,428.60368351206193,427.4180002201037,-551.1005436929756
115,1.0,6.95999999999994,37.49098003548732,8.005415629783917,24.28019280284974,5.825931811773261,5.5607252666109765,0.0,14.789284724937628,-0.11254004338306828,0.2524452712242832,-0.24584356346228028,-0.13480163728688013,0.0,463.46253559858326,464.376241728498,463.5588316200036,465.69412885359253,-568.0335202334119
116,1.0,7.019999999999938,38.38387459293244,7.9926357378768005,24.28984744063135,5.810987386260772,5.552955318866202,0.0,14.973150182224217,-0.3139446821890688,0.06811214143039325,-0.25645795243012454,-0.12058781438335689,0.0,456.7248159877043,457.8425977264595,458.9742657445368,458.0703790783525,-585.2334275648441
117,1.0,7.079999999999937,39.291148602334204,7.965887112060882,24.291651566487417,5.795469219384781,5.545560148643705,0.0,15.267663697523238,-0.5778890579226253,-0.010501741511362843,-0.2633817456168832,-0.12919444031345131,0.0,509.2934389699407,508.6655308887504,508.34388936568797,507.78911626100853,-602.6980337491088
118,1.0,7.139999999999936,40.21486012031677,7.923727972801744,24.28735088214211,5.780497359333669,5.53776682737003,0.0,15.521326428342768,-0.8276430082967242,-0.13509559066964016,-0.23074996754115887,-0.1313130959722611,0.0,495.97736295534423,495.80813198520843,495.1040015576076,497.4434728515621,-620.4258154416871
119,1.0,7.1999999999999345,41.15260703347719,7.867020519001964,24.274271893492646,5.767075487622673,5.529664737740774,0.0,15.735769362693679,-1.062797529145887,-0.3027313976015244,-0.21241757888778887,-0.1437601682675793,0.0,483.6355699998321,482.68137160074633,482.95589780492645,484.29174280439395,-638.4139852754786
120,1.0,7.259999999999933,42.09766181850987,7.798980118805785,24.245834472643352,5.754582588707187,5.520706224290706,0.0,15.766413192668663,-1.2060016477523867,-0.6451556976951223,-0.20092419846172754,-0.16370294167893756,0.0,401.592855363732,399.7546569752861,401.0177818351695,402.0132086666677,-656.6567281984663
121,1.0,7.319999999999932,43.04566660350036,7.721644809032731,24.19777982945623,5.742352904441223,5.510813565492985,0.0,15.833776416149348,-1.3723954286935398,-0.9572175616471829,-0.21036814957851718,-0.1673335555125725,0.0,417.89482602770994,417.5501843399654,419.31233210399387,418.4469210113812,-675.1462555710631
122,1.0,7.379999999999931,44.00235073482865,7.631764565489588,24.13493845823033,5.730021546199701,5.500747669968337,0.0,16.0544322853583,-1.6235012180733264,-1.1398025925869142,-0.1972753159363774,-0.16864068654551298,0.0,488.02784356958165,487.9060484633131,485.2204836731145,486.16515217841686,-693.8769716986277
123,1.0,7.439999999999929,44.9687877889054,7.528550686741142,24.057926039585517,5.71829758762583,5.490231066724412,0.0,16.15978041935871,-1.8172944224224812,-1.4284239639847094,-0.1918944994861041,-0.19379789919532,0.0,441.56805542863873,439.4560280903995,440.61235280109076,441.01958550001643,-712.8435510531973
124,1.0,7.499999999999928,45.9410514220211,7.41387175758325,23.96300132652929,5.706927982657048,5.478710945243222,0.0,16.248757573416963,-2.0056408031389132,-1.73690441707086,-0.18508493561552858,-0.18863775153695178,0.0,433.99964485421293,434.3959008049848,434.22305954015866,434.7584057505561,-732.0389284050374
125,1.0,7.559999999999927,46.91974911587491,7.287227451771355,23.85025240768761,5.695643163333067,5.467624449079995,0.0,16.373897638756734,-2.2159837034771552,-2.0229541327386396,-0.19485644342402925,-0.1780028572675229,0.0,452.2453808294037,453.0691324292639,450.068780248578,449.24271219965857,-751.4560970976376
126,1.0,7.6199999999999255,47.90436297236192,7.14869270336826,23.718880603103905,5.683891770489867,5.457078562852416,0.0,16.446367532983363,-2.4023049885996657,-2.357161712824812,-0.1979321927938837,-0.17163300210521323,0.0,429.23166773480744,429.74127760374415,430.16685935537447,429.8672685732526,-771.0876779812878
127,1.0,7.679999999999924,48.89272911145997,6.999168939126427,23.566821711239925,5.6723844538967185,5.447577039416103,0.0,16.49911363910706,-2.5824431913303627,-2.712324089689099,-0.181711612765027,-0.14011612050221306,0.0,418.72065164997264,421.4289289579249,422.186550873214,423.54648068007924,-790.9252939098357
128,1.0,7.739999999999923,49.8864844744534,6.837542607224003,23.394939119673403,5.661596785144798,5.439139847885386,0.0,16.62531177816436,-2.8054564729219305,-3.018556757401666,-0.17621730601228763,-0.14164564853886577,0.0,453.1927944637953,453.05179873446315,454.08112283670977,454.4914434203001,-810.9609837702409
129,1.0,7.799999999999922,50.88624168802028,6.6631964767874114,23.203363863248782,5.65125217041698,5.430649854119643,0.0,16.699620724009726,-3.006686399163945,-3.3683402647764447,-0.1657238669620609,-0.14121031044732177,0.0,433.82542600866896,433.8428339761864,433.1477826323595,434.00044729063325,-831.1868243786578
130,1.0,7.85999999999992,51.89098661506581,6.476347396142575,22.991000818301433,5.64145000934646,5.421776819476445,0.0,16.79137282277993,-3.2221242898392815,-3.7117218975219695,-0.15903882210872805,-0.1665689536650713,0.0,443.014828686539,440.9022384949847,441.99108105441644,442.5164160935303,-851.5943248275107
131,1.0,7.919999999999919,52.90096541087276,6.276562252426885,22.75764311064999,5.631787697438707,5.411950307006535,0.0,16.874119372496022,-3.437843262259326,-4.068299083327381,-0.1653658738253964,-0.15870963892888798,0.0,438.5513756461234,439.1781168089883,440.92111742082983,440.3728219599621,-872.1748760596956
132,1.0,7.979999999999918,53.918874244235006,6.062174934386609,22.5046364769353,5.621394932238925,5.402058403173919,0.0,17.054721290943878,-3.708379188460358,-4.367676428795392,-0.19745705689375231,-0.18147297647106533,0.0,481.1486181887201,479.3969524709327,481.82871876990265,479.36764787749695,-892.9205817563627
133,1.0,8.039999999999917,54.94413304261654,5.833177562732177,22.231089801401378,5.609139455998406,5.39113905887551,0.0,17.12012200638918,-3.9253900939618127,-4.752295302413803,-0.22346708124327314,-0.18304012805023961,0.0,438.99040314338595,438.8277522175658,438.80789995526635,436.5993637799939,-913.8231018783878
134,1.0,8.099999999999916,55.97478986990755,5.590262544793145,21.935080080739827,5.59606920407286,5.379853942607468,0.0,17.2341032286734,-4.1720395312612,-5.117114805942021,-0.20847100103468433,-0.2007789641723632,0.0,460.16220089650017,458.7214581867832,458.62694315689424,459.77172134112686,-934.8731416270199
135,1.0,8.159999999999915,57.01040655932119,5.333335902946968,21.615669433568392,5.584366635604265,5.368069320750408,0.0,17.286010109733795,-4.392726759248899,-5.531881058554877,-0.17665658532382472,-0.1888685368015437,0.0,436.6359990657853,437.59063845849005,435.6378268837086,438.2527585228946,-956.0609651957709
136,1.0,8.219999999999914,58.04913841531672,5.063006036780059,21.271032533271505,5.574217873199467,5.357219984492099,0.0,17.337953423588342,-4.618925095440475,-5.957901976952511,-0.15727406961493579,-0.16828235742199713,0.0,437.75898651672867,439.4373026236919,437.03366758117437,438.6190832865458,-977.3759182913814
137,1.0,8.279999999999912,59.0937309709285,4.777577189191522,20.90206571494994,5.565001566907728,5.347318515969285,0.0,17.480439274934664,-4.89564145445996,-6.343572418412889,-0.14713283532002178,-0.159203868573062,0.0,473.932670066726,474.60619466021166,474.4119707932331,475.1697990232481,-998.8079304539024
138,1.0,8.339999999999911,60.14408986024676,4.476695730825748,20.50805346514527,5.556472065649679,5.33746144053319,0.0,17.531098809120493,-5.134623422188862,-6.792046440081825,-0.13371929804305624,-0.1770978664426587,0.0,443.7149467568947,442.2162919276368,441.8103939014548,442.8966366578919,-1020.3465821707678
139,1.0,8.39999999999991,61.19981746514076,4.160140421299873,20.08803858272808,5.548068058954062,5.3276983231062935,0.0,17.65853667799686,-5.41767123857453,-7.211083827384468,-0.1574271938901319,-0.14343461883783276,0.0,471.26048308790945,473.83253293639046,474.670656819118,472.82924988348344,-1041.9809811115183
140,1.0,8.459999999999908,62.260123654561966,3.827822059186886,19.6408813553965,5.538985719524787,5.319432743972332,0.0,17.684791260046772,-5.660848364165008,-7.696074703745661,-0.14141315686070574,-0.1283239805376689,0.0,437.5916591907957,438.8305698491565,436.57524959211537,437.88813432982664,-1063.699629232262
141,1.0,8.519999999999907,63.32397523875878,3.4797051515220367,19.165258787473494,5.530786985168202,5.311671222661902,0.0,17.776013243165895,-5.944066747108201,-8.160444380404495,-0.12850795973984044,-0.131510473439916,0.0,462.73837238012715,462.47269711714006,463.2777039957055,464.27545478172345,-1085.4903109855882
142,1.0,8.579999999999906,64.39042480235182,3.115636058371329,18.659938505602295,5.522820568643146,5.304312788061345,0.0,17.772436184309896,-6.193239635778773,-8.685423914597203,-0.14305860634444753,-0.10910086062870304,0.0,428.14287923779216,430.03211554972916,429.35107313327603,428.09675625226987,-1107.3401107954858
143,1.0,8.639999999999905,65.45583464652536,2.7366604916666812,18.122317756240072,5.514000557390824,5.297830801365182,0.0,17.741650112913963,-6.441253318758522,-9.237127668830269,-0.1563431639718131,-0.10598056563286275,0.0,416.9058573094789,417.16750842107547,418.65339332165246,417.47309134045884,-1129.2345546638155
144,1.0,8.699999999999903,66.52148445413931,2.3414751880936326,17.55214780021985,5.5044910674732055,5.291625171707349,0.0,17.7796011441758,-6.733264730867262,-9.771172093172916,-0.1631706063357241,-0.09875894508878409,0.0,442.9061843214129,443.49079061488084,444.6427441443496,444.05878056387337,-1151.1590868965513
145,1.0,8.759999999999902,67.59042876242926,1.9279152963495076,16.949895858630843,5.4953716216539235,5.285344220429687,0.0,17.851054411380304,-7.05367158662469,-10.306988223239792,-0.13586682687329465,-0.12043161813943651,0.0,459.6481457635899,457.91670890191807,455.0491881877164,457.20938790555374,-1173.0995588717742
146,1.0,8.8199999999999,68.66443417204468,1.494371470393078,16.315280362295855,5.48699896955441,5.27846883773476,0.0,17.947972894103764,-7.3993142504230045,-10.850363308120539,-0.1481460236328749,-0.10492048168885144,0.0,467.3962663943047,468.5932599252783,470.022935757813,469.05262149435185,-1195.0417846731943
147,1.0,8.8799999999999,69.74305326354197,1.040205093480871,15.646907599073419,5.478682559536292,5.271970405628075,0.0,18.005274969822548,-7.7414925570658495,-11.432226209386952,-0.1242895695212619,-0.11611922654974442,0.0,457.94709335383305,457.0447697168004,455.7612551866087,457.6476642747145,-1216.9708344600233
148,1.0,8.939999999999898,70.82626403393121,0.5645202011267729,14.943463287309122,5.471197633841836,5.2654029412142,0.0,18.100574655317445,-8.116551628284146,-12.019876529139658,-0.12568237026178225,-0.09867957129953922,0.0,472.22694443021095,473.5612564593765,472.24504714380015,472.1243957897198,-1238.8711087167335
149,1.0,8.999999999999897,71.91444567509528,0.0661593044226332,14.203726950015735,5.464162083387954,5.259373108610241,0.0,18.171267829022774,-8.497765417506336,-12.64203591839571,-0.10425322269244264,-0.10440235922036721,0.0,466.76037098755603,466.3050184986303,465.6030409954552,467.26581889050095,-1260.7264082955935
150,1.0,9.059999999999896,73.00574594407131,-0.45513629778253123,13.425437495999597,5.458041333709769,5.254142947059778,0.0,18.205012439257487,-8.881568656096077,-13.304940426579988,-0.09787365702914716,-0.06539913828438586,0.0,452.66266711834425,455.78590042369575,455.7999312592198,456.30111890738635,-1282.7923042169496
151,1.0,9.119999999999894,74.09831935384506,-0.9997634263997726,12.606278079673015,5.452391546397521,5.250329883863863,0.0,18.214098384967624,-9.276063710509407,-14.004406976612756,-0.08762281710016284,-0.06009132435713372,0.0,447.34458112760876,447.77399211060947,445.7490423466003,446.5790601631494,-1305.1036124749248
152,1.0,9.179999999999893,75.19281114691077,-1.5693760317969048,11.744860872488351,5.446786124031668,5.246329639650959,0.0,18.26839846790291,-9.714467567276051,-14.714185771678418,-0.10872630529999605,-0.08498534542458729,0.0,464.15269698958076,462.19011132057005,464.35789399831697,462.6910308995511,-1327.6557268902836
153,1.0,9.239999999999892,76.2918670691551,-2.1666205150793973,10.840416143299135,5.4408361684284365,5.240901797839268,0.0,18.36554533977669,-10.196943605977355,-15.439681074903078,-0.08482034689707534,-0.10462697329926417,0.0,480.29947911687447,478.800074408177,479.3133606000692,481.1200169794003,-1350.4453980085436
154,1.0,9.29999999999989,77.39873748952178,-2.7944732580589453,9.892123405059676,5.435456841309048,5.235125494351859,0.0,18.528051943992768,-10.734704477534526,-16.176637890466008,-0.10168903714191233,-0.08334606271686007,0.0,504.6277871099708,506.15572884890963,504.32624218104195,503.09974803640705,-1373.5357242113
155,1.0,9.35999999999989,78.51121450422616,-3.4536695653802014,8.896825610342837,5.429286892633414,5.230114207114788,0.0,18.554080432409798,-11.242920975598977,-17.006415384289905,-0.10522141200540369,-0.08387433445227559,0.0,462.05138055275575,462.00430747694054,463.63067915014926,463.34414712120196,-1397.456141749079
156,1.0,9.419999999999888,79.6229509207225,-4.1433336183915905,7.84955567852759,5.422861104190467,5.2256522857883105,0.0,18.504294023760114,-11.751172602440512,-17.909351253479972,-0.11113458254612386,-0.060076225973125695,0.0,434.67888530722416,436.66554307978777,436.84340682584786,436.3393430529184,-1422.231160407255
157,1.0,9.479999999999887,80.72757130425217,-4.862797532466203,6.745132568450587,5.4162820312634,5.222163180023031,0.0,18.31862648972538,-12.23757844573662,-18.91157191171623,-0.10684067959744464,-0.05455816768951537,0.0,380.05349112956355,380.5795323462905,380.0283752952515,380.42728379069484,-1447.8847312877353
158,1.0,9.539999999999885,81.82607663821543,-5.6147777060644835,5.580780248993987,5.409835162123679,5.218982638956142,0.0,18.298365318180114,-12.834758840368353,-19.90880248594064,-0.10868951838008913,-0.050079035607997036,0.0,440.7863435071701,441.15476958244295,439.9253341090041,439.76183233891146,-1474.442753516321
159,1.0,9.599999999999884,82.92161644998954,-6.403161673103203,4.3541379432024065,5.403611650624061,5.215786875214036,0.0,18.220481153120687,-13.452041976637707,-20.98868523793257,-0.09529837432551666,-0.06053921900589954,0.0,418.1701373673452,417.25510271673295,418.04590806266646,419.20189942283093,-1501.9339455702882
160,1.0,9.659999999999883,84.01555844026603,-7.231358609156536,3.0617327440704174,5.397754453369588,5.212051436616459,0.0,18.24380982025857,-14.16212651993966,-22.102619296067125,-0.10271804121858069,-0.06593440696672484,0.0,453.9178139486801,453.4816114114455,454.4713213423358,453.8678200326834,-1530.3895008618938
161,1.0,9.719999999999882,85.10883359100015,-8.102924432719297,1.6994486547042422,5.391943202411859,5.208326633248472,0.0,18.19904646669784,-14.898917658390229,-23.319160903544404,-0.08715335473901725,-0.055314490912472286,0.0,429.18339688799085,430.08158119822434,429.7959366927453,431.1056523381112,-1559.8431936725983
162,1.0,9.77999999999988,86.19989251063973,-9.020746980230024,0.2617111676694547,5.3865373308483,5.205115204767665,0.0,18.169808372264775,-15.705215036938775,-24.619328302018584,-0.09674973504851521,-0.050164758402778356,0.0,434.8776062423299,435.3071338667742,435.1323419034076,434.3205712144078,-1590.3308721695585
163,1.0,9.839999999999879,87.28704911361649,-9.988147456406933,0.0,5.3811783809250215,5.201855580067637,0.0,18.06980952483656,-16.55315338216768,-26.044430914872578,-0.07753417801591282,-0.06431699613150345,0.0,407.6245953320789,406.3545162913126,406.57288447317285,408.2846747124382,-1621.5134311405654
